Índice    Score_Simplicidade    Score_Relevancia
1    0.85    0.9222700138825308
2    0.8    0.9
3    0.42689414213699955    0.9
4    0.7622459331201854    0.9
5    0.9    0.9679178699175394
6    0.9    1.0
7    0.7125496734786052    0.9
8    0.7939913349825992    0.95621765008858
9    0.7817574476193643    0.9
10    0.7731058578630006    0.9320821300824607
11    0.7924141819978756    0.8182425523806355
12    0.7880797077977882    0.9182425523806357
13    0.7622459331201855    0.8939913349825993
14    0.7880797077977884    1.0
15    0.8075858180021245    0.9924141819978756
16    0.7952574126822434    0.9182425523806357
17    0.8029312230751356    0.9939913349825993
18    0.8    0.9
19    0.7817574476193643    0.9999999999999998
20    0.7095349464899109    0.9437823499114204
21    0.8047425873177568    0.9851952801968311
22    0.8222700138825308    0.9022977369910026
23    0.75    0.9817574476193643
24    0.8029312230751356    1.0
25    0.7939913349825993    0.8679178699175394
26    0.696267311265587    1.0
27    0.7052973143437195    0.9
28    0.7679178699175393    0.9
29    0.8    0.9
30    0.803732688734413    0.9
31    0.7777299861174691    0.9
32    0.8268941421369995    0.9
33    0.7182425523806357    0.7977022630089974
34    0.8962673112655871    0.8047425873177566
35    0.8119202922022117    0.8880797077977881
36    0.7939913349825993    0.9
37    0.6817574476193642    0.8880797077977883
38    0.822270013882531    0.9
39    0.8777299861174692    0.9962673112655869
40    0.8622459331201855    0.9
41    0.8022977369910025    0.8029312230751356
42    0.7622459331201854    0.8437823499114202
43    0.8029312230751356    0.9
44    0.6268941421369995    0.9
45    0.8851952801968309    0.8962673112655869
46    0.8731058578630005    0.9
47    0.8    0.9
48    0.8029312230751355    0.9
49    0.8977022630089972    0.8939913349825993
50    0.6970687769248645    0.9
51    0.5493267781615194    0.7989013057369407
52    0.7562176500885799    0.7939913349825993
53    0.6072359398140043    0.6470737721048954
54    0.7904650535100891    0.8851952801968311
55    0.7012696959036228    0.8095349464899109
56    0.6874503265213948    0.8731058578630005
57    0.8182425523806357    0.9
58    0.8047425873177568    0.8999999999999998
59    0.7119202922022118    0.8222700138825308
60    0.6977189075742898    0.8
61    0.9017986209962091    0.9
62    0.697146503461131    0.8
63    0.6437823499114202    0.9
64    0.6160119319441355    0.7970687769248643
65    0.65    0.8037326887344131
66    0.690465053510089    0.8952574126822433
67    0.6982013790037909    0.9679178699175394
68    0.7024127690885189    0.7952574126822433
69    0.8060086650174009    0.9
70    0.785195280196831    0.8977022630089975
71    0.8    0.9
72    0.9    0.9977022630089974
73    0.8851952801968311    0.9047425873177566
74    0.7982013790037908    0.9
75    0.890465053510089    0.8817574476193644
76    0.8731058578630005    0.9904650535100892
77    0.8817574476193644    0.8999999999999998
78    0.7777299861174691    0.9
79    0.7777299861174691    0.9
80    0.796267311265587    0.9
81    0.7970687769248643    0.9148047198031689
82    0.798201379003791    0.8058229823245208
83    0.7817574476193644    0.9851952801968309
84    0.8119202922022117    0.922270013882531
85    0.8377540668798144    0.8952574126822433
86    0.8119202922022117    0.9562176500885797
87    0.6904650535100891    0.7924141819978756
88    0.7377540668798146    0.9
89    0.8    0.9
90    0.7022810924257102    0.8
91    0.8119202922022117    0.8970687769248645
92    0.8962673112655869    0.9970687769248645
93    0.8939913349825993    0.9
94    0.8985936372956752    0.9939913349825991
95    0.715393643721931    0.7939913349825992
96    0.8    0.9952574126822433
97    0.790465053510089    0.9
98    0.7952574126822433    0.7440863366280807
99    0.6977022630089975    1.0
100    0.7047425873177567    0.9880797077977881
101    0.48007154946628444    0.809534946489911
102    0.21192029220221173    0.19820137900379087
103    0.6096489834839675    0.9000000000000001
104    0.9047425873177568    0.9999999999999998
105    0.8924141819978756    0.9970687769248643
106    0.6320821300824606    1.0
107    0.6075858180021244    0.7985936372956755
108    0.6984156253342676    0.9962673112655871
109    0.6377540668798145    0.9
110    0.7090205879956739    0.9