Num_Pergunta    Fidelidade_RAG    Relevancia_Resposta    Simplicidade
1    0.23068353810894568    0.5229839635315506    0.7035332573346179
2    0.19706877692486435    0.6320821300824607    0.612217804990218
3    0.17772998611746912    0.489822554968674    0.4338737222094208
4    0.822270013882531    0.9222700138825308    0.9320821300824609
5    0.004742587317756679    0.9320821300824607    0.9499999999999998
6    0.26638350265893546    0.9880797077977881    0.9
7    0.07772998611746912    0.7851952801968312    0.8008023435308831
8    0.732482267096779    1.0    0.909534946489911
9    0.8679178699175394    1.0    1.0
10    0.7575671695726307    0.5813197611368842    0.5334926775963649
11    0.7222700138825309    0.809534946489911    0.9029312230751356
12    0.7939913349825993    0.9037326887344129    0.9817574476193643
13    0.7622459331201854    0.6813072878879525    0.8047425873177566
14    0.22227001388253087    1.0    0.9268941421369996
15    0.9679178699175391    0.8880797077977881    0.9377540668798146
16    0.8022810924257102    1.0    0.9
17    0.7624255606303333    0.9622459331201855    0.8952574126822433
18    0.6220675746255582    0.7895891258556289    0.8679178699175392
19    0.8268941421369996    0.9047425873177568    0.9037326887344129
20    0.7310577281751236    0.7437823499114201    0.8622459331201853
21    0.7777299861174691    0.9437823499114204    0.9
22    0.9377540668798146    0.9952574126822432    1.0
23    0.7939913349825992    0.8777299861174692    0.9
24    0.6911249961961423    0.9047425873177566    0.9047425873177566
25    0.8790364567631748    0.5736463257344604    0.85
26    0.7437823499114201    0.85    0.8075858180021245
27    0.8006339130359535    0.809534946489911    0.9
28    0.7233963231512563    0.8    0.8952574126822433
29    0.7971465034611309    0.5839019509230076    0.6268941421369995
30    0.8777299861174692    0.9    0.9119202922022117
31    0.3493267781615195    0.7622459331201854    0.7939913349825993
32    0.7880747525440612    0.5565800236449239    0.809534946489911
33    0.7874503265213948    0.9924141819978758    1.0
34    0.7731058578630005    0.8437823499114202    0.8679178699175394
35    0.6476029713109518    0.9437823499114202    0.9851952801968311
36    0.7000000000000001    0.8880797077977883    0.785195280196831
37    0.09562597359300318    0.7952574126822433    0.7324822670967792
38    0.8562176500885798    0.85    0.9
39    0.8268941421369996    0.977729986117469    0.9
40    0.8222700138825308    0.8562176500885798    0.9851952801968311
41    0.7622459331201854    0.8    0.8148047198031689
42    0.7679178699175393    0.8377540668798146    0.8029312230751356
43    0.2060086650174008    0.7904650535100891    0.890465053510089
44    0.9182425523806357    0.8622459331201856    0.9119202922022118
45    0.11480471980316895    0.8437823499114202    0.8182425523806357
46    0.3232586695349968    0.7029464797032453    0.7985936372956755
47    0.18807970779778824    0.7377540668798146    0.85621765008858
48    0.16224593312018545    0.8    0.8924141819978757
49    0.8064139593214701    0.5015546572082263    0.7310577281751237
50    0.7292728948629308    0.9    0.7880797077977881
51    0.4039043609811679    0.75    0.7982013790037908
52    0.5825056469252627    0.7377540668798146    0.8817574476193645
53    0.20600866501740075    0.5981861141692295    0.6950812729932635
54    0.7777299861174691    0.7982013790037908    0.8939913349825993
55    0.8817574476193645    0.8095349464899109    0.9
56    0.85621765008858    0.8222700138825308    0.9
57    0.7197104449394554    0.6439631617863745    0.822270013882531
58    0.7177145229011722    0.9320821300824607    1.0
59    0.8377540668798146    0.709534946489911    0.9
60    0.6247466733892614    0.8    0.7817574476193644
61    0.22689414213699952    0.9    0.9851952801968311
62    0.3447111213533596    0.8    0.7880797077977882
63    0.1731058578630005    0.6622459331201856    0.7982013790037908
64    0.20229773699100256    0.5357393883760458    0.7817574476193644
65    0.3569872199515438    0.6927814866749472    0.684606356278069
Num_Pergunta    Fidelidade_RAG    Relevancia_Resposta    Simplicidade
1    0.2748926524101428    0.7970687769248643    0.7977022630089974
2    0.7209635432368252    0.705822982324521    0.8622459331201855
3    0.8562176500885798    0.7780573197594327    0.9010986942630593
4    0.7164818981771437    0.8622459331201856    0.9
5    0.24378234991142017    0.6679178699175393    0.7977022630089974
6    0.27616352800308025    0.7622459331201854    0.8014063627043246
7    0.3178160603770728    0.7952574126822433    0.8075858180021243
8    0.4184227629549181    0.9    0.9320821300824607
9    0.48991413824910734    0.8977022630089975    0.7962673112655871
10    0.3324822670967791    0.9028534965388688    0.9075858180021242
11    0.33140553967569875    1.0    1.0
12    0.8952574126822433    1.0    1.0
13    0.7933777680726752    0.9075858180021245    0.9119202922022117
14    0.9679178699175394    0.95    0.9880797077977881
15    0.7903510165160326    0.8970687769248643    0.9
16    0.75    0.8731058578630005    0.8962673112655871
17    0.6911249961961423    0.7927468998295291    0.8904650535100892
18    0.6642172943529492    1.0    0.9777299861174692
19    0.8222700138825308    0.9011331995197727    0.8982013790037907
20    0.75    0.9880797077977883    0.9
21    0.7964533992362027    0.5311196974460539    0.7783286322818814
22    0.20758581800212433    0.7904650535100891    0.8320821300824607
23    0.27903645676317484    0.7817574476193644    0.8060086650174008
24    0.7941770176754792    0.8777299861174692    0.9148047198031689
25    0.3049187270067364    0.4198215331652727    0.7336164973410646
26    0.7933777680726752    0.6808079719381277    0.7679178699175393
27    0.7715380087092794    1.0    1.0
28    0.19046505351008905    0.6377540668798145    0.714804719803169
29    0.19626731126558705    0.3679178699175393    0.5977189075742899
30    0.8268941421369996    0.8029312230751356    0.9
31    0.8962673112655872    0.9    0.9
32    0.85    0.9320821300824609    0.9
33    0.8024475174399408    0.7679178699175393    0.8679178699175392
34    0.8964533992362027    1.0    1.0
35    0.9    1.0    1.0
36    0.75    0.809534946489911    0.8148047198031689
37    0.8822854770988278    0.4836444374225478    0.7679178699175393
38    0.24378234991142023    0.40600866501740074    0.5431275387384444
39    0.20774961589506097    0.9182425523806355    1.0000000000000002
40    0.28085782235941087    0.7902662184523359    0.8437823499114202
41    0.8060086650174008    0.9268941421369995    0.9622459331201855
42    0.2306330954409836    0.8    0.8148047198031689
43    0.19241418199787563    0.9047425873177568    1.0
44    0.18807970779778824    0.7952574126822433    0.7962673112655871
45    0.19241418199787566    0.8851952801968309    0.9377540668798146