Index    Fidelidade_Score    Simplicidade_Score    Relevância_Score
1    0.010790760182832806    0.9912436152738371    0.9987178785580166
2    0.26739615114644366    0.9075373191936704    0.8570052389901971
3    0.12449363937953033    0.8998840056393386    0.8266295081887641
4    0.950636796653965    0.9527316523379566    0.9999999999999998
5    0.23708053857961828    0.9170438930038636    0.996978541631648
6    0.11965637168923582    0.9453261848015385    0.9987946217866372
7    0.026709833946725808    0.9607663162727762    0.9930458251155316
8    0.6351860995859965    0.9507811864279205    1.0
9    0.9299980017660164    0.9366589729402011    0.9953966093674472
10    0.2138483283372517    0.8546738151984613    0.8295511431592933
11    0.8648412179949743    0.9538983220687685    0.9130961977873518
12    0.9036916238215031    0.9754914975839675    0.9174556591838586
13    0.894555440737483    0.9721743206297597    0.9266876495611683
14    0.7312100736159667    0.998636316334059    1.0
15    0.8798047796331133    0.9414898845796769    0.9218843832053791
16    0.7772633673008585    0.9236516231064114    0.9921921826274129
17    0.898912105081936    0.9637030780698443    0.988403927028922
18    0.6299469094589003    0.894840920467422    0.45255965517627306
19    0.9797321380577022    0.9272024539290682    0.979565809279498
20    0.5051198321312481    0.9189521098196259    0.8679178712162947
21    0.9027847692294646    0.9281405613455667    0.9629774600455748
22    0.8514552703692282    0.9247987431798027    0.9370225392595588
23    0.9348941155718421    0.9777299856015766    0.9865224070413529
24    0.9638696242173926    0.982671178980121    1.0
25    0.515631096712425    0.9214977953797836    0.9029990643443538
26    0.950933010493263    0.8070217731727954    0.9300745578941243
27    0.940752076166949    0.9861538212986158    0.9468790626626242
28    0.9408028815778527    0.9672331692613781    0.9208713450436556
29    0.3727921116955076    0.9242205623255378    0.9760650658103135
30    0.8861527249402933    0.9204341904782295    0.9373875829748203
31    0.6609474788349095    0.9396068166274041    0.9341574124525712
32    0.2755901747319679    0.9573678407452508    0.9749087218716239
33    0.725495921114342    0.9320821300824609    0.9977713814217258
34    0.6517243821309268    0.9472683476620434    0.9362969212410587
35    0.4570691183241121    0.9281405595376103    0.9967899295482161
36    0.26609049152202363    0.8746138998675776    0.9191932784136148
37    0.03600911565674934    0.9310694389597121    0.9485729771599098
38    0.9054813728836043    0.9150028824342427    0.9569852651414157
39    0.4253075587356386    0.9817574480638556    1.0
40    0.9699462459382733    0.9629774600455748    0.9327668300820713
41    0.6904665189523286    0.8958079576550821    0.9329604375868863
42    0.899078318296918    0.8958572363902209    0.8656549871994874
43    0.32727068041501517    0.9766293653760417    0.9468790626626242
44    0.89987721853271    0.9342069043606435    0.8693364589382331
45    0.22607352317412746    0.9216096437804518    0.9743168008612482
46    0.6623810943371718    0.9068538705598226    0.715637725086009
47    0.22284051131370491    0.876629363774873    0.8727975454807646
48    0.01810439392229332    0.9967410251593035    0.9978384666764655
49    0.18772875445603446    0.8847242895522962    0.8388278539296194
50    0.8555588858433962    0.9020120986801251    0.8857456137521675
51    0.8543951024009393    0.9050452248701422    0.9492188135720795
52    0.45848017657371737    0.8974878966659396    0.9161874060223634
53    0.2615452312028411    0.8884492169798313    0.868930561040288
54    0.9594127475375289    0.9542863283172505    0.9975576910567219
55    0.9822189126165023    0.9859663743319095    0.959266659995407
56    0.9787931198132812    0.9511716604704166    0.9607663169832892
57    0.7830235690483281    0.9060753011411737    0.9538983220687683
58    0.9162367621254021    0.9868826764350519    0.99770226298809
59    0.9642621183319436    0.9535098428626612    0.9033411350808069
60    0.30597588556762584    0.8963265185777514    0.9003795846502429
61    0.5601819120712105    0.9849971169956978    0.98267118026096
62    0.497955333629597    0.9095227985516082    0.8658417493859025
63    0.5181377490510992    0.9287767821869263    0.8925761693759761
64    0.26007108663470085    0.8927503085996558    0.7286966899285574
65    0.54933434987039    0.9081912618793673    0.9173288210198791
66    0.24678856049142825    0.9562176500885797    0.9476579651063677
67    0.5732667609782187    0.863341026367784    0.8523420348936324
68    0.9175037990429162    0.903652149582031    0.9531209373373756
69    0.6480082872083873    0.9724870282120405    0.9880797081106936
70    0.1335394917126801    0.9388618033786702    0.9262841843145695
71    0.0769848460620122    0.9828938804095468    0.9782662489091803
72    0.15077665847184163    0.9853912751092849    1.0
73    0.24519908356590445    0.9396068166274041    0.9924141827813457
74    0.2883724655580479    0.9433981464803898    0.9782662471348788
75    0.5193107394576562    0.9929440402346857    1.0
76    0.4448467292774415    0.9705785027837012    1.0
77    0.4793376967737468    0.969925440852404    0.9546738151984613
78    0.9440636193086395    0.9819893333713108    0.9936284998636558
79    0.934490408546767    0.9581303090644313    0.9845942435366538
80    0.6519236505445665    0.9348645142101806    0.9275129729766753
81    0.6682348651331795    0.9644225120147704    0.9787931203112651
82    0.8551047804248493    0.9607663169832893    1.0
83    0.650214097911099    0.9919642531177792    1.0
84    0.7517218836226311    0.9629774614353079    1.0
85    0.5905428153002392    0.9287767809652843    0.9771843497839076
86    0.20309821157799482    0.8718594380517815    0.8036833172502348
87    0.21167250478247937    0.920434190235957    0.916112238517926
88    0.15293904597293315    0.9008273636168399    0.8202779755085986
89    0.5072044561443465    0.9070228617596083    0.994659667114177
90    0.1380347879153147    0.9132964228172694    0.8263828471527234
91    0.2924480401552076    0.9370225392595586    0.9980280872324719
92    0.9387964029978647    0.9125656859415681    0.9812867326904277
93    0.7329893794917833    0.8997650902192218    0.7665745712452511
94    0.5804545816572024    0.99149009636942    0.9989347487383714
95    0.9181464085660715    0.8736036084269907    0.7518953254006886
96    0.9459937537471742    0.9542863283172505    0.9476579651063677
97    0.7374281381536614    0.9377540661794489    0.9377540675801802
98    0.821128597305872    0.8954712239315648    0.7907436116799819
99    0.8821903478877824    0.9449392634464759    1.0
100    0.9793105943848766    0.9569852651414156    0.9988841971310582
101    0.8351688087518179    0.8936132553936063    0.8867873404914068
102    0.024980819963109847    0.9699254427326117    0.9607663169832892
103    0.14987273562930642    0.9320821287837052    0.9077504031267241
104    0.27246892302818665    0.9835483539151614    0.9782662478952936
105    0.11325538100324906    0.9833324595312025    0.9988668244037532
106    0.9833324597381715    0.9724870282120401    0.9953966097273568
107    0.2785986041980225    0.9272024562897363    0.9908617898170092
108    0.7750666027634483    0.9831143047858317    0.9930458257904646
109    0.12345778024547982    0.9918480245140995    0.8765673339133937
110    0.1715352192096338    0.9805632181981185    0.9874077230244523