ID    Fidelidade    Simplicidade    Relevância
1    0.022572837922010265    0.4310032883118258    0.22286514405316477
2    0.36824535492098803    0.8682573734412322    0.6717808217686104
3    0.9893309415285619    0.7279560704121373    0.14545179625638077
4    0.973462989534751    0.864063584797876    0.8876961626739799
5    0.037984779413232486    0.8611192460564349    0.6787899933664029
6    0.32882886290678937    0.8115284566147085    0.36695392879182487
7    0.22914616566859886    0.40289551238502624    0.37885610268824166
8    0.0430092369764298    0.8379609273667592    0.9637030801371352
9    0.33648283246985716    0.9793105953629226    0.9932453309329639
10    0.05468039588031243    0.28041958081878987    0.23610232595673994
11    0.8327073482587452    0.9334375355077335    0.7719930365561194
12    0.8494419823551984    0.9038388499157539    0.8772942901068884
13    0.47211252417058286    0.8689305616785447    0.8675764587959265
14    0.27266278733102184    0.6100695776585547    0.2436813518747122
15    0.15840533694890824    0.7574077265832556    0.2917766811400452
16    0.4425001753526351    0.8596242015908336    0.8105269805628165
17    0.8966885346993875    0.4712689273684843    0.3508589691708717
18    0.9543820838854564    0.9611381973294151    0.8664358855433607
19    0.5978475398260619    0.3940177688323067    0.5044010368939474
20    0.26340737302091133    0.7583107357552097    0.4747793426705959
21    0.38823460203170584    0.8348658704685352    0.9863391604701158
22    0.7341743236378357    0.914373248717433    0.987407722532418
23    0.6890982913293208    0.9338077137488391    0.9507811864279203
24    0.804307519650757    0.886123722354081    0.9092697915495597
25    0.014806818551584408    0.8070002935015216    0.9031485379273047
26    0.7974150867256892    0.9430147348585844    0.778185971469547
27    0.4180533376428056    0.3680776134020044    0.32151891840794183
28    0.5707635443468269    0.8259615254654973    0.89683640495899
29    0.20223538081329212    0.26374613164382377    0.22341603069353422
30    0.8343459324825728    0.8425741871490654    0.9658417493859025
31    0.08445017480881341    0.8803173791645582    0.820830534544268
32    0.10976165754210343    0.988563148362873    0.8833774545567923
33    0.665981590509926    0.9236905902773328    0.9208269296905129
34    0.2690091158229315    0.8552061315881824    0.8362661790154038
35    0.22013896536219849    0.9874077240085211    0.9265830124363148
36    0.14644304322732    0.3087864712756462    0.228148797901864
37    0.4246874048919877    0.38121781160006135    0.37754205936185703
38    0.29530138497931024    0.6622033503226714    0.5743946419193753
39    0.14268965656033292    0.8511538131219588    0.7324738865369762
40    0.9419926066603461    0.6493022523637718    0.9980280872576758
41    0.26393662994983297    0.9476579651063675    0.9146187820785002
42    0.07071685716420907    0.730954382001464    0.877462488900532
43    0.001302048775607093    0.9692641983134737    0.8176677012969173
44    0.7784073713553165    0.574536404515903    0.18921644317576175
45    0.39739592409258045    0.3773027072308951    0.3682122473144256
46    0.19263568157524608    0.8320414036662355    0.5051398017778161
47    0.2235371711561555    0.7915099344419531    0.8176489860040468
48    0.06257785435441005    0.7651305750530343    0.7933862465461187
49    0.0514023764403862    0.8584380764445354    0.783440845141455
50    0.5850635785488393    0.8505122783748809    0.9724870282120402
51    0.26126894538341705    0.7629315632100029    0.89172452889019
52    0.15149561909154016    0.7782676085830252    0.686060704144281
53    0.0025957359364135856    0.8929294158726588    0.4083938031290962
54    0.9374733300865266    0.8640635854839898    0.8806056108802235
55    0.04048195198217444    0.8695341147722206    0.6230521896480059
56    0.5032012185001661    0.9107765348632165    0.9074359391510554
57    0.8905865732768697    0.8724870270233248    0.832242668154405
58    0.4965062210704362    0.9640635841117623    0.902197862872168
59    0.7616003717743964    0.8973061588250968    0.9414898845796769
60    0.7491114209014855    0.814502157793662    0.4539086828480857
61    0.5929822626168685    0.9377540675801802    0.9153121754132693
62    0.2583581725550354    0.9112190285541011    0.8165321160484739
63    0.23183069097260764    0.8716874492805176    0.8987654904424394
64    0.09412267992444492    0.773100848827024    0.4962780321992096
65    0.1979656053736188    0.909658098749928    0.7912795102866803
66    0.23134825773473483    0.880069200922993    0.9218358428976305
67    0.3308112056160769    0.6009694003340551    0.2305560785002005
68    0.2804769600253959    0.7982427119522804    0.29890694308862414
69    0.8195711729338797    0.8932477742685105    0.7946825076549036
70    0.021498771505521395    0.7521398477907877    0.7613326179820115
71    0.28347995574772317    0.9647798231551248    0.9134413579688377
72    0.046579476634128765    0.8968807510214262    0.979310594140365
73    0.012225826348075713    0.8724870270233248    0.9023950024901879
74    0.05382425769119233    0.8069907771201361    0.8076342563461589
75    0.13799173279936644    0.898388848060762    0.9622459331201855
76    0.022632963466252223    0.8066882565865582    0.5637335036706187
77    0.9930458251155316    0.7860964038383215    0.885716624795255
78    0.2469162447733952    0.9006980068064714    0.8451218571881448
79    0.1790235606777129    0.905015974233429    0.7990135871765739
80    0.8738645718424918    0.8909520822991931    0.8916062649868085
81    0.6579416496729429    0.8943425714372808    0.9067334230608569
82    0.8940728444770075    0.807577188769255    0.8745206809654226
83    0.31227804754567307    0.936658974324231    0.9939913349615601
84    0.959933565635905    0.8746138998675775    0.9963779947906273
85    0.04218727681297359    0.9247987431798028    0.8281400233309466
86    0.053711090488782254    0.6131060066933711    0.2649697201768914
87    0.16735650103412525    0.9237138788212216    0.7188702791168097
88    0.13276836161637293    0.7549635348431404    0.718493130094138
89    0.8006365716718851    0.7189117259773496    0.8395693740144747
90    0.09232387980096049    0.8106770320888428    0.7023792700078249
91    0.8135638557103182    0.8727975448905978    0.7327609437631126
92    0.047677087306508534    0.3757612548829371    0.3010489421356332
93    0.11802465049943991    0.35337657501015357    0.21035865676869053
94    0.19778767921236187    0.9044923966991154    0.793304646328391
95    0.836488880266448    0.6368216033877041    0.7933046467946012
96    0.9955981349039705    0.9724870282120402    1.0
97    0.4151321172678668    0.8984114758532327    0.9038913865632378
98    0.25246679628907204    0.7277402124237433    0.7147593442143682
99    1.0    0.9123328076515584    0.8962839340613723
100    0.29156687166892803    0.79902923406408    0.2987937442873162
101    0.07195879396615598    0.8257177052956035    0.6754096703841019
102    0.05640076716741131    0.8782099652313218    0.9194504236826484
103    0.06249091534399698    0.9679178692681616    0.7805511738033034
104    0.39051911337290607    0.9103918162287336    0.9125370430651236
105    0.11666676592821128    0.9640635854839898    0.8819541819777177
106    0.21995384474381768    0.9195541708477292    0.9855851150643969
107    0.2484518599948792    0.9105272774020206    0.8745835245547602
108    0.045773677440186025    0.9227903181678355    0.9542714103814152
109    0.003567854946785155    0.6820900678891176    0.5204924583446536
110    0.11245856382664435    0.9377540661794489    0.8083190324609575