Índice    Score_Simplicidade    Score_Relevancia
1    0.6577200599743032    0.9320821307318384
2    0.3194387662126201    0.35912966359844944
3    0.6438577516530887    0.8939265429211807
4    0.7316962202206887    0.9538983220687683
5    0.7012079036035529    0.994966936259492
6    0.4662261547963985    0.690366966323997
7    0.8000899359793527    0.9622459338205509
8    0.7777317242514574    0.9749087207513215
9    0.6632952089149736    0.9304299127661299
10    0.8055436871112007    0.9932453307452566
11    0.6533627905998797    0.9222700128507461
12    0.8168383513225226    0.9754914986867629
13    0.7206156171527757    0.8685949467848392
14    0.30729014501088486    0.3046041871186737
15    0.706585392928002    0.9286168158751373
16    0.7723600146369629    0.9341582506140975
17    0.5122067837283986    0.9979354069449092
18    0.7284989611852043    0.6550212702291003
19    0.5957770361944219    0.8372941147725254
20    0.6401144252175184    0.9637030794480381
21    0.5922344400974544    0.7817803220141986
22    0.810126064125296    0.901914122048491
23    0.7902461317172369    0.8985659794614682
24    0.8382370921089135    1.0
25    0.45793800269342794    0.8104754368496037
26    0.4645745074857631    0.8945342513853627
27    0.8600188359260205    0.8824461924220008
28    0.8166876751405431    0.8596433146264626
29    0.7744371530821179    0.896234746575244
30    0.3991260514522287    0.6244414949671179
31    0.7798561996433826    0.9132964241915706
32    0.7193584029323942    0.8326668263464487
33    0.829071344475544    0.7802168345144422
34    0.7314204859565849    0.8907036618209194
35    0.7710601506979033    0.9989671847766279
36    0.6938818147783647    0.9007162218515796
37    0.7445136080383976    0.5600645558831825
38    0.5651209752029098    0.883114304994961
39    0.7600838981203876    0.9049932799731929
40    0.6416653272502509    0.9370225399544253
41    0.5977554634561277    0.8379124438729832
42    0.5906767336229487    0.787240361806278
43    0.9007870771317075    0.9075247749039057
44    0.625369658972944    0.7750042440404555
45    0.8515619915723016    0.9355774886682966
46    0.9028749280908045    0.9964855157009938
47    0.7586610677374486    0.9187132682162427
48    0.7929782265799324    0.908509905312816
49    0.8611381973294152    0.9843895104517564
50    0.5734368393497328    0.8870716191870038
51    0.870253005116707    0.8607663169832891
52    0.7216299948941562    0.6625328520334399
53    0.8522804613524901    0.8857209507118083
54    0.8340869283373615    0.95
55    0.8923108987401195    0.9817574485083463
56    0.754485523342088    0.7081857916506836
57    0.8105128546903078    0.773974591359643
58    0.10626304590028227    0.06559619007475005
59    0.45867490226672303    0.5059998546180271
60    0.2956164690963471    0.3143088115304008
61    0.8725654067765338    0.9180154941178612
62    0.6446256843660296    0.7466451159175941
63    0.8838042110527503    0.8548442244168062
64    0.8060815268438104    0.812494226329893
65    0.8480875099526225    0.8969531059905682
66    0.7745742486634907    0.8921069744265253
67    0.5508658678108944    0.9538983220687683
68    0.721008876664686    0.8845249317800151
69    0.8101042526705772    0.8871500157099261
70    0.8504457216439972    0.911605257933888
71    0.7688411372700443    0.889478945908847
72    0.7703284508392694    0.9392336823061977
73    0.7707471249667802    0.8957234083562712
74    0.714280611231322    0.9577495365185811
75    0.7932340143029284    0.9692641989479325
76    0.7374451836167717    0.8987698137475688
77    0.5932123545277947    0.9815232493841078
78    0.7292279348152236    0.8685240969833401
79    0.5531601585062582    0.8439049320004074
80    0.8110671541245056    0.904998648656194
81    0.7124133846373154    0.7552373602865237
82    0.5416372864037681    0.6413607351190393
83    0.7921668672936236    0.9100878624757407
84    0.8091498364087821    0.8515619915723016
85    0.8455305862677497    0.9000851418672502
86    0.8260363150490162    0.9743167997235783
87    0.7744119401647749    0.8573678407452512
88    0.8458345207650355    0.8977315651083144
89    0.8654894729042129    0.9154932897370628
90    0.58625945286705    0.6987136418481722
91    0.7111864190494427    0.7014293479059786
92    0.7995509266479793    0.9256831997075867
93    0.5963350766434135    0.6157747060305262
94    0.8485453919076213    0.9718594398597379
95    0.680277689419483    0.7448602255003263
96    0.7621993634141966    0.8981850939029898
97    0.5798225740360428    0.4231149112564527
98    0.7607448126119668    0.7822050709496928
99    0.724579644382168    0.8992085913986285
100    0.7681243863423591    0.8585101154203232
101    0.7064699431943533    0.6519146636132346
102    0.583912052900351    0.8553031714450748
103    0.797143345160264    0.6720776199732699
104    0.5925047260907128    0.6317369587480354
105    0.7206530346030131    0.9787931190663055
106    0.434565548099335    0.825290396096535
107    0.7901010845062506    0.9507811864279205
108    0.7675518503135964    0.99688561725002
109    0.43640455362194464    0.3806821240253022
110    0.6035321970900211    0.8672331699179286