Índice
	Fidelidade
	Simplicidade
	Relevância
	1
	0.008484861995959766
	0.859119161411134
	0.8118974122185809
	2
	0.28915974679077006
	0.7227591497029557
	0.7084363841234219
	3
	0.006954174980887283
	0.5509817409451359
	0.5334642757008112
	4
	0.2415621282531341
	0.495961189861369
	0.42997009614683435
	5
	0.053654745303999406
	0.719047063528792
	0.31404098931448954
	6
	0.12104959410828045
	0.95
	1.0
	

	7
	0.07870966314601438
	0.8794576868620764
	0.8975739892302024
	8
	0.04577575998797943
	0.910300010547705
	0.996978541276887
	9
	0.31671443894314777
	0.9585101154203229
	0.9637030808262322
	10
	0.1335255533785113
	0.2802144333400436
	0.2361532542959483
	11
	0.7591040975990934
	0.8282934436365972
	0.8712710465517788
	12
	0.7464232224640533
	0.7929642137161925
	0.9078331321414723
	13
	0.7261617797770076
	0.8970636600362445
	0.8834859110433125
	14
	0.237189170987172
	0.3
	0.24790271208097475
	15
	0.10887619928376926
	0.8994758064824826
	0.892626301688536
	16
	0.19201091636824982
	0.8743168002924133
	0.8468790626626242
	17
	0.005834584511449652
	0.8333830887398399
	0.7590127486692722
	18
	0.9201942823500673
	0.9324839085634151
	0.987747678107367
	19
	0.14405917737486937
	0.7365691791982628
	0.8885476400806793
	20
	0.11594180988314709
	0.7641844384663995
	0.9927363296650468
	21
	0.3445831485222872
	0.8995022199100438
	0.8963628672920911
	22
	0.7528115977030697
	0.937022538564692
	0.9822189132700412
	23
	0.882150155925068
	0.9831143047858317
	0.9899121386730911
	24
	0.51434566908242
	0.9120502258183436
	0.9953966098582331
	25
	0.029636625530744327
	0.8116951428694643
	0.9665410545476474
	26
	0.44031761269153546
	0.9262333922792056
	0.5536008816929752
	27
	0.08194262383268017
	0.8987768236104033
	0.85660185351961
	28
	0.30394316710794383
	0.896715812209208
	0.8329750229344886
	29
	0.19621954069603875
	0.9172121597521787
	0.8743470120263754
	30
	0.9102400499804103
	0.8880221136522624
	0.9863391617003942
	31
	0.06905494142336684
	0.8884676099679039
	0.9457136716827496
	32
	0.06759605174842484
	0.9492188135720795
	0.8572215512171439
	33
	0.6039620762082032
	0.9163482223444657
	0.8574206505610225
	34
	0.22178521430787157
	0.7187960575122043
	0.6717624339973726
	35
	0.2573154064758491
	0.8958868069564287
	0.898805891858585
	36
	0.012425989397294172
	0.7914908792249029
	0.5500543719874775
	37
	0.039918167405608204
	0.8186812777045487
	0.6463693799646107
	38
	0.2415392088400873
	0.8342505903017068
	0.7726480372375015
	39
	0.154538684631132
	0.8131365124082736
	0.9233706351576811
	40
	0.7411709987988078
	0.9211389840061418
	0.9091421390751284
	41
	0.28972760190160357
	0.8962090438005283
	0.8424885351205855
	42
	0.04273815555070181
	0.8351333823036656
	0.9055846704611735
	43
	0.001186911888362936
	0.847112096358636
	0.5982556056842451
	44
	0.038518930118488934
	0.9032756366377072
	0.9027360784620718
	45
	0.3147800946628161
	0.7335493330408946
	0.7986566555708262
	46
	0.12325356023570173
	0.6600955497900792
	0.5175753270584874
	47
	0.14537998158253945
	0.795577716253506
	0.7976474200642998
	48
	0.011058108461639038
	0.9106722214065487
	0.8888185852547685
	49
	0.0038466191604967443
	0.8752182952356671
	0.3555142315884782
	50
	0.4255214822137166
	0.5831325788861886
	0.5476918048544231
	51
	0.08892740278476799
	0.9073307036923133
	0.9445529535039572
	52
	0.13549240255589798
	0.8962347467696279
	0.8422103804697745
	53
	0.0036220055604888656
	0.8866176118857568
	0.7809988355464046
	54
	0.5730266910505446
	0.8651354871433915
	0.8052995974553563
	55
	0.037349974553926205
	0.9134510346063502
	0.9607663169832892
	56
	0.2918907849669724
	0.8389425605734763
	0.6043963167447572
	57
	0.8822515734401559
	0.8726743093698284
	0.8222682354099196
	58
	0.718970989279737
	0.9193345167920374
	0.9083343735784242
	59
	0.8987352988403463
	0.8238368265993821
	0.995791227103305
	60
	0.837480600322978
	0.8465088326605746
	0.7753001149236686
	61
	0.6042901897282368
	0.9338077137488392
	0.8755068493302847
	62
	0.22260125501126446
	0.7069705668956805
	0.5888185956409954
	63
	0.2643364143336241
	0.7985481290426178
	0.766043450588659
	64
	0.05884152299453031
	0.8675764601019047
	0.617525363627511
	65
	0.03393544995307779
	0.8010130731639815
	0.5831193632461036
	66
	0.06294827459289788
	0.9079590471356906
	0.8398754353089114
	67
	0.19211606338806228
	0.87217432003124
	0.8959858016245652
	68
	0.61365600518162
	0.775061065210928
	0.34687215004424793
	69
	0.7149886730360131
	0.886203609954604
	0.8687001515922889
	70
	0.00733493852260895
	0.8167757635767524
	0.8369948014474634
	71
	0.6802769276801094
	0.8754914997895581
	0.9128210395948951
	72
	0.01473238131604363
	0.8897405802055939
	0.9936285004859101
	73
	0.11713770104802904
	0.8790530318669676
	0.9050484842670452
	74
	0.012627797049939752
	0.9388618026705847
	0.9855851143290548
	75
	0.026480978943792234
	0.9396068166274041
	0.995915428263058
	76
	0.08946600084699442
	0.40771249260325665
	0.25984564387619663
	77
	0.9518687036517133
	0.8923602201878443
	0.9457136716827493
	78
	0.2522693786211683
	0.9045516871606839
	0.9550607365535239
	79
	0.38201836257662025
	0.8661922889188378
	0.910246523653121
	80
	0.8407097693438864
	0.9294214978351516
	0.9114130409887927
	81
	0.837835216264397
	0.9136455828468215
	0.9731058572770512
	82
	0.7557065696548589
	0.8026732220692404
	0.8139148045316988
	83
	0.4350242722780287
	0.8900520311847284
	0.9760650652677288
	84
	0.8946933938495863
	0.8332826340912334
	0.942632159254749
	85
	0.03302802490956745
	0.9488283395295836
	0.9307358016865264
	86
	0.03492638753372247
	0.7240899693481507
	0.30186551650554594
	87
	0.06089504414968964
	0.8904577033900271
	0.8955602952692653
	88
	0.131402672950018
	0.694701105754981
	0.6567113622141322
	89
	0.29233096681545573
	0.41888303933572946
	0.7515579309918828
	90
	0.043367936459451334
	0.8430209145184936
	0.8029212970072775
	91
	0.6306383847791812
	0.9234569676894674
	0.8286726669283644
	92
	0.01991989999739784
	0.8758466741876653
	0.6372540844823614
	93
	0.011820491988347316
	0.8492595600927908
	0.7323703616623052
	94
	0.3011640260608579
	0.8784667640064286
	0.8322566485215157
	95
	0.6948444190691244
	0.8724340075715915
	0.7872862562593845
	96
	0.9636743912410571
	0.959266659995407
	1.0
	

	97
	0.05864177378519965
	0.7422726198935694
	0.4184574529415187
	98
	0.2
	0.7649842879045057
	0.44520865493757444
	99
	1.0
	0.9012778509580983
	0.9021510000046657
	100
	0.025701369534443314
	0.8899404369936047
	0.8846146222693761
	101
	0.09460440968705751
	0.717403315299604
	0.6024878273505648
	102
	0.020176189235444356
	0.9041993472842558
	0.9912436162262764
	103
	0.021039111746712812
	0.9133984512942197
	0.8968519328771196
	104
	0.301389201690663
	0.8838295966456153
	0.7869286738165819
	105
	0.10128809505648959
	0.9874077230244523
	0.9699254433593476
	106
	0.23680429810694492
	0.8445768265515801
	0.9899121373891026
	107
	0.30028773203113374
	0.8559615914561503
	0.944960064722183
	108
	0.09829996839341092
	0.9668880273572211
	0.9705785034025538
	109
	0.0033589505771031564
	0.9076342562485372
	0.9004648250654691
	110
	0.08033740664990868
	0.9341582492735659
	0.8341715871810116